{
 "cells": [
  {
   "cell_type": "markdown",
   "metadata": {},
   "source": [
    "# <center>TMVA di-Higgs Classification Example in Python</center>\n",
    "\n",
    "In this example we will still do Higgs classification but we will use together with the native TMVA methods also methods from Keras and scikit-learn, and then we will compare them."
   ]
  },
  {
   "cell_type": "code",
   "execution_count": 1,
   "metadata": {},
   "outputs": [
    {
     "name": "stdout",
     "output_type": "stream",
     "text": [
      "Welcome to JupyROOT 6.14/04\n"
     ]
    }
   ],
   "source": [
    "import ROOT\n",
    "from ROOT import TMVA"
   ]
  },
  {
   "cell_type": "markdown",
   "metadata": {},
   "source": [
    "## Declare Factory and Input Data"
   ]
  },
  {
   "cell_type": "code",
   "execution_count": 2,
   "metadata": {},
   "outputs": [
    {
     "name": "stdout",
     "output_type": "stream",
     "text": [
      "******************************************************************************\n",
      "*Tree    :Nominal   : Nominal                                                *\n",
      "*Entries :      476 : Total =          138479 bytes  File  Size =      79858 *\n",
      "*        :          : Tree compression factor =   1.47                       *\n",
      "******************************************************************************\n",
      "*Br    0 :sample    : string                                                 *\n",
      "*Entries :      476 : Total  Size=      14381 bytes  File Size  =       1075 *\n",
      "*Baskets :        1 : Basket Size=      32000 bytes  Compression=  12.92     *\n",
      "*............................................................................*\n",
      "*Br    1 :EventWeight : EventWeight/F                                        *\n",
      "*Entries :      476 : Total  Size=       2494 bytes  File Size  =       1787 *\n",
      "*Baskets :        1 : Basket Size=      32000 bytes  Compression=   1.11     *\n",
      "*............................................................................*\n",
      "*Br    2 :EventNumber : EventNumber/l                                        *\n",
      "*Entries :      476 : Total  Size=       4406 bytes  File Size  =       1407 *\n",
      "*Baskets :        1 : Basket Size=      32000 bytes  Compression=   2.76     *\n",
      "*............................................................................*\n",
      "*Br    3 :BDT       : BDT/F                                                  *\n",
      "*Entries :      476 : Total  Size=       2454 bytes  File Size  =        115 *\n",
      "*Baskets :        1 : Basket Size=      32000 bytes  Compression=  17.19     *\n",
      "*............................................................................*\n",
      "*Br    4 :NJets     : NJets/I                                                *\n",
      "*Entries :      476 : Total  Size=       2464 bytes  File Size  =        438 *\n",
      "*Baskets :        1 : Basket Size=      32000 bytes  Compression=   4.52     *\n",
      "*............................................................................*\n",
      "*Br    5 :NJetsbtagged : NJetsbtagged/I                                      *\n",
      "*Entries :      476 : Total  Size=       2499 bytes  File Size  =        368 *\n",
      "*Baskets :        1 : Basket Size=      32000 bytes  Compression=   5.40     *\n",
      "*............................................................................*\n",
      "*Br    6 :Tau1Pt    : Tau1Pt/F                                               *\n",
      "*Entries :      476 : Total  Size=       2469 bytes  File Size  =       1817 *\n",
      "*Baskets :        1 : Basket Size=      32000 bytes  Compression=   1.09     *\n",
      "*............................................................................*\n",
      "*Br    7 :Tau1Eta   : Tau1Eta/F                                              *\n",
      "*Entries :      476 : Total  Size=       2474 bytes  File Size  =       1903 *\n",
      "*Baskets :        1 : Basket Size=      32000 bytes  Compression=   1.04     *\n",
      "*............................................................................*\n",
      "*Br    8 :Tau1Phi   : Tau1Phi/F                                              *\n",
      "*Entries :      476 : Total  Size=       2474 bytes  File Size  =       1899 *\n",
      "*Baskets :        1 : Basket Size=      32000 bytes  Compression=   1.04     *\n",
      "*............................................................................*\n",
      "*Br    9 :Tau1M     : Tau1M/F                                                *\n",
      "*Entries :      476 : Total  Size=       2464 bytes  File Size  =        113 *\n",
      "*Baskets :        1 : Basket Size=      32000 bytes  Compression=  17.51     *\n",
      "*............................................................................*\n",
      "*Br   10 :Tau2Pt    : Tau2Pt/F                                               *\n",
      "*Entries :      476 : Total  Size=       2469 bytes  File Size  =       1796 *\n",
      "*Baskets :        1 : Basket Size=      32000 bytes  Compression=   1.10     *\n",
      "*............................................................................*\n",
      "*Br   11 :Tau2Eta   : Tau2Eta/F                                              *\n",
      "*Entries :      476 : Total  Size=       2474 bytes  File Size  =       1904 *\n",
      "*Baskets :        1 : Basket Size=      32000 bytes  Compression=   1.04     *\n",
      "*............................................................................*\n",
      "*Br   12 :Tau2Phi   : Tau2Phi/F                                              *\n",
      "*Entries :      476 : Total  Size=       2474 bytes  File Size  =       1903 *\n",
      "*Baskets :        1 : Basket Size=      32000 bytes  Compression=   1.04     *\n",
      "*............................................................................*\n",
      "*Br   13 :Tau2M     : Tau2M/F                                                *\n",
      "*Entries :      476 : Total  Size=       2464 bytes  File Size  =        113 *\n",
      "*Baskets :        1 : Basket Size=      32000 bytes  Compression=  17.51     *\n",
      "*............................................................................*\n",
      "*Br   14 :diTauVisM : diTauVisM/F                                            *\n",
      "*Entries :      476 : Total  Size=       2484 bytes  File Size  =       1782 *\n",
      "*Baskets :        1 : Basket Size=      32000 bytes  Compression=   1.11     *\n",
      "*............................................................................*\n",
      "*Br   15 :diTauVisPt : diTauVisPt/F                                          *\n",
      "*Entries :      476 : Total  Size=       2489 bytes  File Size  =       1824 *\n",
      "*Baskets :        1 : Basket Size=      32000 bytes  Compression=   1.09     *\n",
      "*............................................................................*\n",
      "*Br   16 :diTauVisEta : diTauVisEta/F                                        *\n",
      "*Entries :      476 : Total  Size=       2494 bytes  File Size  =       1898 *\n",
      "*Baskets :        1 : Basket Size=      32000 bytes  Compression=   1.05     *\n",
      "*............................................................................*\n",
      "*Br   17 :diTauVisPhi : diTauVisPhi/F                                        *\n",
      "*Entries :      476 : Total  Size=       2494 bytes  File Size  =       1895 *\n",
      "*Baskets :        1 : Basket Size=      32000 bytes  Compression=   1.05     *\n",
      "*............................................................................*\n",
      "*Br   18 :diTauMMCM : diTauMMCM/F                                            *\n",
      "*Entries :      476 : Total  Size=       2484 bytes  File Size  =       1807 *\n",
      "*Baskets :        1 : Basket Size=      32000 bytes  Compression=   1.10     *\n",
      "*............................................................................*\n",
      "*Br   19 :diTauMMCPt : diTauMMCPt/F                                          *\n",
      "*Entries :      476 : Total  Size=       2489 bytes  File Size  =       1784 *\n",
      "*Baskets :        1 : Basket Size=      32000 bytes  Compression=   1.11     *\n",
      "*............................................................................*\n",
      "*Br   20 :diTauMMCEta : diTauMMCEta/F                                        *\n",
      "*Entries :      476 : Total  Size=       2494 bytes  File Size  =       1900 *\n",
      "*Baskets :        1 : Basket Size=      32000 bytes  Compression=   1.04     *\n",
      "*............................................................................*\n",
      "*Br   21 :diTauMMCPhi : diTauMMCPhi/F                                        *\n",
      "*Entries :      476 : Total  Size=       2494 bytes  File Size  =       1900 *\n",
      "*Baskets :        1 : Basket Size=      32000 bytes  Compression=   1.04     *\n",
      "*............................................................................*\n",
      "*Br   22 :diTauDR   : diTauDR/F                                              *\n",
      "*Entries :      476 : Total  Size=       2474 bytes  File Size  =       1780 *\n",
      "*Baskets :        1 : Basket Size=      32000 bytes  Compression=   1.11     *\n",
      "*............................................................................*\n",
      "*Br   23 :diTauDEta : diTauDEta/F                                            *\n",
      "*Entries :      476 : Total  Size=       2484 bytes  File Size  =       1887 *\n",
      "*Baskets :        1 : Basket Size=      32000 bytes  Compression=   1.05     *\n",
      "*............................................................................*\n",
      "*Br   24 :diTauDPhi : diTauDPhi/F                                            *\n",
      "*Entries :      476 : Total  Size=       2484 bytes  File Size  =       1876 *\n",
      "*Baskets :        1 : Basket Size=      32000 bytes  Compression=   1.06     *\n",
      "*............................................................................*\n",
      "*Br   25 :Jet1Pt    : Jet1Pt/F                                               *\n",
      "*Entries :      476 : Total  Size=       2469 bytes  File Size  =       1820 *\n",
      "*Baskets :        1 : Basket Size=      32000 bytes  Compression=   1.09     *\n",
      "*............................................................................*\n",
      "*Br   26 :Jet1Eta   : Jet1Eta/F                                              *\n",
      "*Entries :      476 : Total  Size=       2474 bytes  File Size  =       1897 *\n",
      "*Baskets :        1 : Basket Size=      32000 bytes  Compression=   1.04     *\n",
      "*............................................................................*\n",
      "*Br   27 :Jet1Phi   : Jet1Phi/F                                              *\n",
      "*Entries :      476 : Total  Size=       2474 bytes  File Size  =       1902 *\n",
      "*Baskets :        1 : Basket Size=      32000 bytes  Compression=   1.04     *\n",
      "*............................................................................*\n",
      "*Br   28 :Jet1M     : Jet1M/F                                                *\n",
      "*Entries :      476 : Total  Size=       2464 bytes  File Size  =       1804 *\n",
      "*Baskets :        1 : Basket Size=      32000 bytes  Compression=   1.10     *\n",
      "*............................................................................*\n",
      "*Br   29 :Jet2Pt    : Jet2Pt/F                                               *\n",
      "*Entries :      476 : Total  Size=       2469 bytes  File Size  =       1825 *\n",
      "*Baskets :        1 : Basket Size=      32000 bytes  Compression=   1.08     *\n",
      "*............................................................................*\n",
      "*Br   30 :Jet2Eta   : Jet2Eta/F                                              *\n",
      "*Entries :      476 : Total  Size=       2474 bytes  File Size  =       1904 *\n",
      "*Baskets :        1 : Basket Size=      32000 bytes  Compression=   1.04     *\n",
      "*............................................................................*\n",
      "*Br   31 :Jet2Phi   : Jet2Phi/F                                              *\n",
      "*Entries :      476 : Total  Size=       2474 bytes  File Size  =       1899 *\n",
      "*Baskets :        1 : Basket Size=      32000 bytes  Compression=   1.04     *\n",
      "*............................................................................*\n",
      "*Br   32 :Jet2M     : Jet2M/F                                                *\n",
      "*Entries :      476 : Total  Size=       2464 bytes  File Size  =       1824 *\n",
      "*Baskets :        1 : Basket Size=      32000 bytes  Compression=   1.08     *\n",
      "*............................................................................*\n",
      "*Br   33 :diJetM    : diJetM/F                                               *\n",
      "*Entries :      476 : Total  Size=       2469 bytes  File Size  =       1840 *\n",
      "*Baskets :        1 : Basket Size=      32000 bytes  Compression=   1.08     *\n",
      "*............................................................................*\n",
      "*Br   34 :diJetPt   : diJetPt/F                                              *\n",
      "*Entries :      476 : Total  Size=       2474 bytes  File Size  =       1786 *\n",
      "*Baskets :        1 : Basket Size=      32000 bytes  Compression=   1.11     *\n",
      "*............................................................................*\n",
      "*Br   35 :diJetEta  : diJetEta/F                                             *\n",
      "*Entries :      476 : Total  Size=       2479 bytes  File Size  =       1901 *\n",
      "*Baskets :        1 : Basket Size=      32000 bytes  Compression=   1.04     *\n",
      "*............................................................................*\n",
      "*Br   36 :diJetPhi  : diJetPhi/F                                             *\n",
      "*Entries :      476 : Total  Size=       2479 bytes  File Size  =       1907 *\n",
      "*Baskets :        1 : Basket Size=      32000 bytes  Compression=   1.04     *\n",
      "*............................................................................*\n",
      "*Br   37 :diJetDR   : diJetDR/F                                              *\n",
      "*Entries :      476 : Total  Size=       2474 bytes  File Size  =       1824 *\n",
      "*Baskets :        1 : Basket Size=      32000 bytes  Compression=   1.09     *\n",
      "*............................................................................*\n",
      "*Br   38 :diJetDEta : diJetDEta/F                                            *\n",
      "*Entries :      476 : Total  Size=       2484 bytes  File Size  =       1904 *\n",
      "*Baskets :        1 : Basket Size=      32000 bytes  Compression=   1.04     *\n",
      "*............................................................................*\n",
      "*Br   39 :diJetDPhi : diJetDPhi/F                                            *\n",
      "*Entries :      476 : Total  Size=       2484 bytes  File Size  =       1896 *\n",
      "*Baskets :        1 : Basket Size=      32000 bytes  Compression=   1.05     *\n",
      "*............................................................................*\n",
      "*Br   40 :diHiggsMScaled : diHiggsMScaled/F                                  *\n",
      "*Entries :      476 : Total  Size=       2509 bytes  File Size  =        360 *\n",
      "*Baskets :        1 : Basket Size=      32000 bytes  Compression=   5.52     *\n",
      "*............................................................................*\n",
      "*Br   41 :diHiggsM  : diHiggsM/F                                             *\n",
      "*Entries :      476 : Total  Size=       2479 bytes  File Size  =       1840 *\n",
      "*Baskets :        1 : Basket Size=      32000 bytes  Compression=   1.08     *\n",
      "*............................................................................*\n",
      "*Br   42 :diHiggsPt : diHiggsPt/F                                            *\n",
      "*Entries :      476 : Total  Size=       2484 bytes  File Size  =       1798 *\n",
      "*Baskets :        1 : Basket Size=      32000 bytes  Compression=   1.10     *\n",
      "*............................................................................*\n",
      "*Br   43 :diJetdiTauDR : diJetdiTauDR/F                                      *\n",
      "*Entries :      476 : Total  Size=       2499 bytes  File Size  =        120 *\n",
      "*Baskets :        1 : Basket Size=      32000 bytes  Compression=  16.55     *\n",
      "*............................................................................*\n",
      "*Br   44 :diJetdiTauDPhi : diJetdiTauDPhi/F                                  *\n",
      "*Entries :      476 : Total  Size=       2509 bytes  File Size  =        122 *\n",
      "*Baskets :        1 : Basket Size=      32000 bytes  Compression=  16.30     *\n",
      "*............................................................................*\n",
      "*Br   45 :MTW_Max   : MTW_Max/F                                              *\n",
      "*Entries :      476 : Total  Size=       2474 bytes  File Size  =       1866 *\n",
      "*Baskets :        1 : Basket Size=      32000 bytes  Compression=   1.06     *\n",
      "*............................................................................*\n",
      "*Br   46 :MTW_Clos  : MTW_Clos/F                                             *\n",
      "*Entries :      476 : Total  Size=       2479 bytes  File Size  =       1871 *\n",
      "*Baskets :        1 : Basket Size=      32000 bytes  Compression=   1.06     *\n",
      "*............................................................................*\n",
      "*Br   47 :METCentrality : METCentrality/F                                    *\n",
      "*Entries :      476 : Total  Size=       2504 bytes  File Size  =       1844 *\n",
      "*Baskets :        1 : Basket Size=      32000 bytes  Compression=   1.08     *\n",
      "*............................................................................*\n",
      "*Br   48 :MET       : MET/F                                                  *\n",
      "*Entries :      476 : Total  Size=       2454 bytes  File Size  =       1836 *\n",
      "*Baskets :        1 : Basket Size=      32000 bytes  Compression=   1.08     *\n",
      "*............................................................................*\n",
      "*Br   49 :boostedDT : boostedDT/F                                            *\n",
      "*Entries :      476 : Total  Size=       2484 bytes  File Size  =        121 *\n",
      "*Baskets :        1 : Basket Size=      32000 bytes  Compression=  16.39     *\n",
      "*............................................................................*\n"
     ]
    }
   ],
   "source": [
    "ROOT.TMVA.Tools.Instance()\n",
    "## For PYMVA methods\n",
    "TMVA.PyMethodBase.PyInitialize();\n",
    "\n",
    "\n",
    "outputFile = ROOT.TFile.Open(\"Higgs_ClassificationOutput.root\", \"RECREATE\")\n",
    "\n",
    "# Factory\n",
    "factory = ROOT.TMVA.Factory(\"TMVA_Higgs_Classification\", outputFile,\n",
    "                      \"!V:ROC:!Silent:Color:!DrawProgressBar:AnalysisType=Classification\" )\n",
    "\n",
    "# Input data\n",
    "# We define now the input data file and we retrieve the ROOT TTree objects with the signal and background input events\n",
    "inputFileNameS = \"RSG_C10_M500.root\"\n",
    "inputFileNameB = \"ZtautauB_221.root\"\n",
    "inputFileNameC = \"ZtautauC_221.root\"\n",
    "inputFileNameL = \"ZtautauL_221.root\"\n",
    "\n",
    "inputFileS = ROOT.TFile.Open( inputFileNameS )\n",
    "inputFileB = ROOT.TFile.Open( inputFileNameB )\n",
    "inputFileC = ROOT.TFile.Open( inputFileNameC )\n",
    "inputFileL = ROOT.TFile.Open( inputFileNameL )\n",
    "\n",
    "# retrieve input trees\n",
    "signalTree     = inputFileS.Get(\"Nominal\")\n",
    "backgroundTreeB = inputFileB.Get(\"Nominal\")\n",
    "backgroundTreeC = inputFileC.Get(\"Nominal\")\n",
    "backgroundTreeL = inputFileL.Get(\"Nominal\")\n",
    "\n",
    "signalTree.Print()"
   ]
  },
  {
   "cell_type": "markdown",
   "metadata": {},
   "source": [
    "## Declare DataLoader(s)\n",
    "\n",
    "The next step is to declare the DataLoader class that deals with input data abd variables \n",
    "\n",
    "We add first the signal and background trees in the data loader and then we\n",
    "define the input variables that shall be used for the MVA training\n",
    "note that you may also use variable expressions, which can be parsed by TTree::Draw( \"expression\" )]"
   ]
  },
  {
   "cell_type": "code",
   "execution_count": 3,
   "metadata": {},
   "outputs": [
    {
     "name": "stdout",
     "output_type": "stream",
     "text": [
      "DataSetInfo              : [dataset] : Added class \"Signal\"\n",
      "                         : Add Tree Nominal of type Signal with 476 events\n",
      "DataSetInfo              : [dataset] : Added class \"Background\"\n",
      "                         : Add Tree Nominal of type Background with 18 events\n",
      "                         : Add Tree Nominal of type Background with 16 events\n",
      "                         : Add Tree Nominal of type Background with 13 events\n"
     ]
    }
   ],
   "source": [
    "loader = ROOT.TMVA.DataLoader(\"dataset\")\n",
    "\n",
    "### global event weights per tree (see below for setting event-wise weights)\n",
    "signalWeight     = 1.0\n",
    "backgroundWeight = 1.0\n",
    "   \n",
    "### You can add an arbitrary number of signal or background trees\n",
    "loader.AddSignalTree    ( signalTree,     signalWeight     )\n",
    "loader.AddBackgroundTree( backgroundTreeB, backgroundWeight )\n",
    "loader.AddBackgroundTree( backgroundTreeC, backgroundWeight )\n",
    "loader.AddBackgroundTree( backgroundTreeL, backgroundWeight )\n",
    "\n",
    "## Define input variables \n",
    "#for branch in signalTree.GetListOfBranches():\n",
    "#    loader.AddVariable(branch.GetName())\n",
    "\n",
    "loader.AddVariable(\"EventWeight\")\n",
    "loader.AddVariable(\"EventNumber\")\n",
    "loader.AddVariable(\"NJets\")\n",
    "loader.AddVariable(\"NJetsbtagged\")\n",
    "loader.AddVariable(\"Tau1Pt\")\n",
    "loader.AddVariable(\"Tau1Eta\")\n",
    "loader.AddVariable(\"Tau1Phi\")\n",
    "loader.AddVariable(\"Tau2Pt\")\n",
    "loader.AddVariable(\"Tau2Eta\")\n",
    "loader.AddVariable(\"Tau2Phi\")\n",
    "loader.AddVariable(\"diTauVisM\")\n",
    "loader.AddVariable(\"diTauVisPt\")\n",
    "loader.AddVariable(\"diTauVisEta\")\n",
    "loader.AddVariable(\"diTauVisPhi\")\n",
    "loader.AddVariable(\"diTauMMCM\")\n",
    "loader.AddVariable(\"diTauMMCPt\")\n",
    "loader.AddVariable(\"diTauMMCEta\")\n",
    "loader.AddVariable(\"diTauMMCPhi\")\n",
    "loader.AddVariable(\"diTauDR\")\n",
    "loader.AddVariable(\"diTauDEta\")\n",
    "loader.AddVariable(\"diTauDPhi\")\n",
    "loader.AddVariable(\"Jet1Pt\")\n",
    "loader.AddVariable(\"Jet1Eta\")\n",
    "loader.AddVariable(\"Jet1Phi\")\n",
    "loader.AddVariable(\"Jet1M\")\n",
    "loader.AddVariable(\"Jet2Pt\")\n",
    "loader.AddVariable(\"Jet2Eta\")\n",
    "loader.AddVariable(\"Jet2Phi\")\n",
    "loader.AddVariable(\"Jet2M\")\n",
    "loader.AddVariable(\"diJetM\")\n",
    "loader.AddVariable(\"diJetPt\")\n",
    "loader.AddVariable(\"diJetEta\")\n",
    "loader.AddVariable(\"diJetPhi\")\n",
    "loader.AddVariable(\"diJetDR\")\n",
    "loader.AddVariable(\"diJetDEta\")\n",
    "loader.AddVariable(\"diJetDPhi\")\n",
    "loader.AddVariable(\"diHiggsMScaled\")\n",
    "loader.AddVariable(\"diHiggsM\")\n",
    "loader.AddVariable(\"diHiggsPt\")\n",
    "loader.AddVariable(\"MTW_Max\")\n",
    "loader.AddVariable(\"MTW_Clos\")\n",
    "loader.AddVariable(\"METCentrality\")\n",
    "loader.AddVariable(\"MET\")"
   ]
  },
  {
   "cell_type": "markdown",
   "metadata": {},
   "source": [
    "We won't include the next variables because of its uniformity:\n",
    "* sample\n",
    "* BDT\n",
    "* Tau1M\n",
    "* Tau2M\n",
    "* DiJetDiTauDR\n",
    "* DiJetDiTauDPhi\n",
    "* BoostedDT"
   ]
  },
  {
   "cell_type": "markdown",
   "metadata": {},
   "source": [
    "## Setup Dataset(s)\n",
    "\n",
    "Setup the DataLoader by splitting events in training and test samples. \n",
    "Here we use a random split and a fixed number of training and test events.\n"
   ]
  },
  {
   "cell_type": "code",
   "execution_count": 4,
   "metadata": {},
   "outputs": [],
   "source": [
    "## Apply additional cuts on the signal and background samples (can be different)\n",
    "mycuts = ROOT.TCut(\"\")   ## for example: TCut mycuts = \"abs(var1)<0.5 && abs(var2-0.5)<1\";\n",
    "mycutb = ROOT.TCut(\"\")   ## for example: TCut mycutb = \"abs(var1)<0.5\";\n",
    "\n",
    "\n",
    "loader.PrepareTrainingAndTestTree( mycuts, mycutb,\n",
    "                                  \"nTrain_Signal=30:nTrain_Background=30:SplitMode=Random:\"\n",
    "                                   \"NormMode=NumEvents:!V\" )"
   ]
  },
  {
   "cell_type": "markdown",
   "metadata": {},
   "source": [
    "## BDT"
   ]
  },
  {
   "cell_type": "markdown",
   "metadata": {},
   "source": [
    "BDT with 200 decision trees."
   ]
  },
  {
   "cell_type": "code",
   "execution_count": 5,
   "metadata": {},
   "outputs": [
    {
     "data": {
      "text/plain": [
       "<ROOT.TMVA::MethodBDT object (\"BDT\") at 0x618f860>"
      ]
     },
     "execution_count": 5,
     "metadata": {},
     "output_type": "execute_result"
    },
    {
     "name": "stdout",
     "output_type": "stream",
     "text": [
      "Factory                  : Booking method: \u001b[1mBDT\u001b[0m\n",
      "                         : \n",
      "DataSetFactory           : [dataset] : Number of events in input trees\n",
      "                         : \n",
      "                         : \n",
      "                         : Number of training and testing events\n",
      "                         : ---------------------------------------------------------------------------\n",
      "                         : Signal     -- training events            : 30\n",
      "                         : Signal     -- testing events             : 446\n",
      "                         : Signal     -- training and testing events: 476\n",
      "                         : Background -- training events            : 30\n",
      "                         : Background -- testing events             : 17\n",
      "                         : Background -- training and testing events: 47\n",
      "                         : \n",
      "DataSetInfo              : Correlation matrix (Signal):\n",
      "                         : -----------------------------------------------------------------------------------------------------------------------------------------------------------------------------------------------------------------------------------------------------------------------------------------------------------------------------------------------------------------------------------------------------------------------------------------\n",
      "                         :                 EventWeight EventNumber   NJets NJetsbtagged  Tau1Pt Tau1Eta Tau1Phi  Tau2Pt Tau2Eta Tau2Phi diTauVisM diTauVisPt diTauVisEta diTauVisPhi diTauMMCM diTauMMCPt diTauMMCEta diTauMMCPhi diTauDR diTauDEta diTauDPhi  Jet1Pt Jet1Eta Jet1Phi   Jet1M  Jet2Pt Jet2Eta Jet2Phi   Jet2M  diJetM diJetPt diJetEta diJetPhi diJetDR diJetDEta diJetDPhi diHiggsMScaled diHiggsM diHiggsPt MTW_Max MTW_Clos METCentrality     MET\n",
      "                         :    EventWeight:      +1.000      -0.227  +0.339       +0.102  -0.060  -0.073  +0.020  -0.051  -0.444  +0.036    +0.446     -0.091      -0.132      +0.173    +0.445     -0.015      -0.115      +0.170  +0.433    +0.422    +0.152  +0.027  -0.178  -0.057  +0.252  +0.029  +0.101  +0.009  -0.018  +0.307  +0.031   -0.089   +0.233  +0.141    -0.249    -0.059         -0.053   +0.308    +0.031  +0.080   +0.353        -0.169  +0.148\n",
      "                         :    EventNumber:      -0.227      +1.000  +0.089       +0.036  -0.319  +0.045  -0.060  -0.019  +0.426  +0.117    -0.282     -0.259      +0.145      -0.175    -0.247     -0.210      +0.164      -0.174  -0.261    -0.428    +0.080  +0.041  +0.252  +0.059  +0.174  -0.250  +0.261  +0.391  +0.010  +0.045  -0.163   +0.324   +0.080  +0.275    -0.083    -0.119         +0.069   +0.043    -0.163  -0.226   -0.330        +0.205  +0.033\n",
      "                         :          NJets:      +0.339      +0.089  +1.000       +0.077  +0.204  -0.217  -0.014  +0.442  -0.045  +0.040    -0.071     +0.321      -0.181      +0.152    -0.073     +0.329      -0.180      +0.152  -0.189    -0.154    -0.095  +0.362  -0.200  +0.007  +0.253  +0.179  +0.165  +0.202  +0.302  +0.379  +0.248   -0.006   +0.091  +0.331    -0.336    +0.015         +0.000   +0.381    +0.248  +0.109   +0.222        -0.003  +0.040\n",
      "                         :   NJetsbtagged:      +0.102      +0.036  +0.077       +1.000  +0.112  -0.445  +0.154  +0.012  -0.270  -0.306    -0.096     +0.132      -0.409      -0.041    -0.091     +0.165      -0.412      -0.036  -0.113    -0.118    -0.300  -0.164  -0.392  -0.032  -0.157  -0.018  -0.261  +0.382  +0.060  -0.147  +0.072   -0.386   +0.117  -0.238    -0.027    +0.103         -0.050   -0.147    +0.072  -0.128   -0.106        +0.051  +0.033\n",
      "                         :         Tau1Pt:      -0.060      -0.319  +0.204       +0.112  +1.000  +0.002  +0.325  +0.401  -0.058  -0.034    +0.217     +0.929      +0.034      +0.384    +0.156     +0.796      +0.024      +0.393  +0.002    +0.066    -0.249  +0.379  -0.077  +0.160  -0.168  +0.175  -0.131  -0.202  +0.158  -0.095  +0.541   -0.036   +0.017  -0.224    +0.081    +0.243         -0.056   -0.090    +0.541  +0.342   +0.130        -0.274  -0.224\n",
      "                         :        Tau1Eta:      -0.073      +0.045  -0.217       -0.445  +0.002  +1.000  -0.303  -0.064  +0.531  -0.055    +0.483     -0.133      +0.968      -0.185    +0.451     -0.220      +0.963      -0.172  +0.510    +0.349    +0.333  +0.006  +0.698  +0.511  +0.003  -0.092  +0.288  -0.120  -0.030  -0.015  -0.257   +0.515   +0.336  +0.107    +0.238    +0.264         +0.134   -0.014    -0.257  -0.151   -0.132        -0.103  -0.268\n",
      "                         :        Tau1Phi:      +0.020      -0.060  -0.014       +0.154  +0.325  -0.303  +1.000  +0.116  -0.169  +0.111    -0.033     +0.289      -0.258      +0.507    -0.025     +0.369      -0.257      +0.501  -0.119    -0.096    -0.333  +0.018  -0.410  -0.373  -0.131  +0.018  -0.144  -0.281  -0.052  -0.039  +0.213   -0.253   -0.421  -0.040    -0.168    +0.085         +0.029   -0.038    +0.213  +0.139   +0.076        -0.037  +0.147\n",
      "                         :         Tau2Pt:      -0.051      -0.019  +0.442       +0.012  +0.401  -0.064  +0.116  +1.000  +0.102  -0.087    -0.090     +0.663      -0.041      -0.043    -0.111     +0.653      -0.047      -0.041  -0.368    -0.173    -0.049  +0.419  -0.091  +0.010  +0.203  +0.038  +0.005  +0.265  +0.096  -0.160  +0.486   +0.037   +0.056  -0.135    -0.078    +0.240         -0.035   -0.157    +0.485  +0.018   +0.107        +0.136  -0.035\n",
      "                         :        Tau2Eta:      -0.444      +0.426  -0.045       -0.270  -0.058  +0.531  -0.169  +0.102  +1.000  +0.150    -0.270     -0.053      +0.674      -0.201    -0.296     -0.174      +0.676      -0.195  -0.237    -0.609    +0.039  +0.071  +0.338  +0.295  -0.097  -0.106  +0.070  +0.093  -0.033  +0.110  -0.267   +0.243   +0.051  +0.332    +0.190    +0.331         +0.086   +0.108    -0.267  -0.047   -0.086        -0.126  -0.294\n",
      "                         :        Tau2Phi:      +0.036      +0.117  +0.040       -0.306  -0.034  -0.055  +0.111  -0.087  +0.150  +1.000    -0.174     -0.056      -0.014      +0.371    -0.186     -0.169      -0.018      +0.374  -0.183    -0.216    +0.163  -0.198  -0.037  -0.273  -0.306  +0.154  -0.073  -0.126  +0.228  +0.168  -0.255   -0.014   -0.182  +0.257    +0.049    +0.288         -0.019   +0.166    -0.256  +0.281   +0.259        -0.086  -0.208\n",
      "                         :      diTauVisM:      +0.446      -0.282  -0.071       -0.096  +0.217  +0.483  -0.033  -0.090  -0.270  -0.174    +1.000     +0.019      +0.435      -0.034    +0.991     +0.094      +0.438      -0.027  +0.935    +0.751    +0.321  +0.012  +0.275  +0.354  +0.175  +0.002  +0.142  -0.328  +0.019  -0.137  +0.112   +0.211   +0.323  -0.213    +0.063    +0.045         -0.082   -0.133    +0.112  -0.019   +0.044        -0.115  +0.105\n",
      "                         :     diTauVisPt:      -0.091      -0.259  +0.321       +0.132  +0.929  -0.133  +0.289  +0.663  -0.053  -0.056    +0.019     +1.000      -0.102      +0.303    -0.031     +0.894      -0.113      +0.309  -0.256    -0.067    -0.249  +0.448  -0.175  +0.077  -0.088  +0.181  -0.137  +0.004  +0.179  -0.159  +0.646   -0.076   +0.011  -0.287    +0.010    +0.191         -0.035   -0.154    +0.646  +0.259   +0.114        -0.125  -0.167\n",
      "                         :    diTauVisEta:      -0.132      +0.145  -0.181       -0.409  +0.034  +0.968  -0.258  -0.041  +0.674  -0.014    +0.435     -0.102      +1.000      -0.185    +0.407     -0.173      +0.998      -0.173  +0.450    +0.161    +0.319  +0.055  +0.640  +0.543  +0.014  -0.076  +0.231  -0.128  -0.009  +0.009  -0.219   +0.456   +0.314  +0.139    +0.255    +0.288         +0.120   +0.010    -0.219  -0.146   -0.160        -0.103  -0.236\n",
      "                         :    diTauVisPhi:      +0.173      -0.175  +0.152       -0.041  +0.384  -0.185  +0.507  -0.043  -0.201  +0.371    -0.034     +0.303      -0.185      +1.000    -0.035     +0.305      -0.182      +1.000  -0.050    +0.049    -0.039  +0.129  -0.183  -0.459  -0.076  +0.181  -0.046  -0.235  +0.264  +0.241  +0.150   -0.172   -0.457  -0.011    -0.094    -0.022         +0.062   +0.243    +0.150  +0.049   +0.017        +0.062  -0.038\n",
      "                         :      diTauMMCM:      +0.445      -0.247  -0.073       -0.091  +0.156  +0.451  -0.025  -0.111  -0.296  -0.186    +0.991     -0.031      +0.407      -0.035    +1.000     +0.101      +0.413      -0.030  +0.926    +0.749    +0.358  +0.043  +0.253  +0.327  +0.242  +0.009  +0.164  -0.318  +0.009  -0.133  +0.152   +0.199   +0.299  -0.238    +0.023    -0.020         -0.060   -0.130    +0.152  -0.086   -0.029        -0.022  +0.224\n",
      "                         :     diTauMMCPt:      -0.015      -0.210  +0.329       +0.165  +0.796  -0.220  +0.369  +0.653  -0.174  -0.169    +0.094     +0.894      -0.173      +0.305    +0.101     +1.000      -0.176      +0.305  -0.203    -0.013    -0.144  +0.588  -0.230  +0.020  +0.186  +0.236  -0.044  +0.015  +0.159  -0.132  +0.837   -0.093   -0.047  -0.383    -0.134    +0.007         +0.010   -0.127    +0.837  +0.036   -0.073        +0.149  +0.267\n",
      "                         :    diTauMMCEta:      -0.115      +0.164  -0.180       -0.412  +0.024  +0.963  -0.257  -0.047  +0.676  -0.018    +0.438     -0.113      +0.998      -0.182    +0.413     -0.176      +1.000      -0.170  +0.458    +0.155    +0.326  +0.074  +0.639  +0.537  +0.035  -0.088  +0.236  -0.131  -0.025  +0.026  -0.217   +0.456   +0.306  +0.156    +0.248    +0.284         +0.109   +0.027    -0.217  -0.148   -0.166        -0.106  -0.220\n",
      "                         :    diTauMMCPhi:      +0.170      -0.174  +0.152       -0.036  +0.393  -0.172  +0.501  -0.041  -0.195  +0.374    -0.027     +0.309      -0.173      +1.000    -0.030     +0.305      -0.170      +1.000  -0.045    +0.055    -0.036  +0.122  -0.172  -0.452  -0.084  +0.176  -0.043  -0.231  +0.269  +0.232  +0.146   -0.164   -0.447  -0.016    -0.090    -0.014         +0.065   +0.234    +0.146  +0.050   +0.018        +0.059  -0.053\n",
      "                         :        diTauDR:      +0.433      -0.261  -0.189       -0.113  +0.002  +0.510  -0.119  -0.368  -0.237  -0.183    +0.935     -0.256      +0.450      -0.050    +0.926     -0.203      +0.458      -0.045  +1.000    +0.740    +0.330  -0.094  +0.319  +0.322  +0.149  -0.048  +0.110  -0.389  -0.053  -0.009  -0.118   +0.179   +0.278  -0.060    +0.132    +0.027         -0.083   -0.006    -0.118  -0.021   +0.020        -0.186  +0.052\n",
      "                         :      diTauDEta:      +0.422      -0.428  -0.154       -0.118  +0.066  +0.349  -0.096  -0.173  -0.609  -0.216    +0.751     -0.067      +0.161      +0.049    +0.749     -0.013      +0.155      +0.055  +0.740    +1.000    +0.268  -0.074  +0.280  +0.153  +0.110  +0.031  +0.192  -0.215  +0.008  -0.136  +0.055   +0.213   +0.259  -0.267    +0.013    -0.119         +0.031   -0.133    +0.055  -0.089   -0.028        +0.042  +0.074\n",
      "                         :      diTauDPhi:      +0.152      +0.080  -0.095       -0.300  -0.249  +0.333  -0.333  -0.049  +0.039  +0.163    +0.321     -0.249      +0.319      -0.039    +0.358     -0.144      +0.326      -0.036  +0.330    +0.268    +1.000  +0.277  +0.224  +0.202  +0.294  +0.082  -0.005  -0.041  +0.029  +0.018  +0.179   +0.007   +0.123  -0.121    +0.182    +0.002         -0.083   +0.020    +0.179  -0.401   -0.283        +0.351  +0.158\n",
      "                         :         Jet1Pt:      +0.027      +0.041  +0.362       -0.164  +0.379  +0.006  +0.018  +0.419  +0.071  -0.198    +0.012     +0.448      +0.055      +0.129    +0.043     +0.588      +0.074      +0.122  -0.094    -0.074    +0.277  +1.000  -0.057  +0.214  +0.649  +0.178  -0.002  -0.102  -0.049  +0.385  +0.727   -0.091   -0.051  +0.146    -0.043    +0.036         +0.047   +0.389    +0.727  -0.104   -0.340        +0.168  +0.320\n",
      "                         :        Jet1Eta:      -0.178      +0.252  -0.200       -0.392  -0.077  +0.698  -0.410  -0.091  +0.338  -0.037    +0.275     -0.175      +0.640      -0.183    +0.253     -0.230      +0.639      -0.172  +0.319    +0.280    +0.224  -0.057  +1.000  +0.300  +0.049  -0.107  +0.461  +0.132  +0.031  -0.074  -0.236   +0.820   +0.348  +0.070    +0.289    +0.164         +0.189   -0.075    -0.236  +0.004   -0.039        -0.127  -0.137\n",
      "                         :        Jet1Phi:      -0.057      +0.059  +0.007       -0.032  +0.160  +0.511  -0.373  +0.010  +0.295  -0.273    +0.354     +0.077      +0.543      -0.459    +0.327     +0.020      +0.537      -0.452  +0.322    +0.153    +0.202  +0.214  +0.300  +1.000  +0.090  +0.094  +0.017  -0.005  +0.028  +0.064  +0.114   +0.143   +0.628  +0.059    +0.218    +0.103         +0.126   +0.066    +0.114  -0.001   -0.121        -0.145  -0.074\n",
      "                         :          Jet1M:      +0.252      +0.174  +0.253       -0.157  -0.168  +0.003  -0.131  +0.203  -0.097  -0.306    +0.175     -0.088      +0.014      -0.076    +0.242     +0.186      +0.035      -0.084  +0.149    +0.110    +0.294  +0.649  +0.049  +0.090  +1.000  -0.020  +0.289  +0.020  -0.116  +0.329  +0.437   +0.093   -0.042  +0.159    -0.273    -0.283         +0.151   +0.331    +0.437  -0.267   -0.256        +0.268  +0.580\n",
